fileName imageWidth imageHeight
camera matrix K [3x3]
radial distortion [3x1]
tangential distortion [2x1]
camera position t [3x1]
camera rotation R [3x3]
camera model m = K [R|-Rt] X

402_0030_00131343.tif 14192 10640
29779.40852976648966432549 0 7024.52399556803720770404
0 29779.40852976648966432549 5295.35705534524913673522
0 0 1
0.00158321129641639789 -0.01447409497302097441 -0.00364396528966609221
-0.00001265707612844626 -0.00057992610796988805
323.65319739431089374193 -25.20173706825010739863 -12.65323833115679974526
-0.00185507489699363081 -0.99999825759063465380 0.00020859727022745945
-0.70192969995296516927 0.00145070700529886646 0.71224475552518107246
-0.71224381711676976181 0.00117484674718836089 -0.70193116807423072689
402_0030_00131344.tif 14192 10640
29779.40852976648966432549 0 7024.52399556803720770404
0 29779.40852976648966432549 5295.35705534524913673522
0 0 1
0.00158321129641639789 -0.01447409497302097441 -0.00364396528966609221
-0.00001265707612844626 -0.00057992610796988805
422.81208413432688075773 -25.57088695926917765178 -13.41797990912766991300
-0.00176614054694729846 -0.99999843921548636771 0.00004810571219569337
-0.70182992398985832860 0.00127380006106193834 0.71234341102153397873
-0.71234236048402876929 0.00122433655322209478 -0.70183107829451840676
402_0030_00131346.tif 14192 10640
29779.40852976648966432549 0 7024.52399556803720770404
0 29779.40852976648966432549 5295.35705534524913673522
0 0 1
0.00158321129641639789 -0.01447409497302097441 -0.00364396528966609221
-0.00001265707612844626 -0.00057992610796988805
522.33466167700044024969 -25.92562907227680923938 -13.40205842546850334429
-0.00182171596077105777 -0.99999833515288927277 0.00010508286236648957
-0.70188598632928356214 0.00135348842176351313 0.71228802479310349138
-0.71228698117088096176 0.00122383027493327967 -0.70188728346788786805
402_0030_00131348.tif 14192 10640
29779.40852976648966432549 0 7024.52399556803720770404
0 29779.40852976648966432549 5295.35705534524913673522
0 0 1
0.00158321129641639789 -0.01447409497302097441 -0.00364396528966609221
-0.00001265707612844626 -0.00057992610796988805
622.93590054554567814193 -25.74747324408692250586 -12.73036717605993750624
-0.00219470952863381466 -0.99999755466858275543 0.00027185830839972474
-0.70170135053930937641 0.00173372552229738913 0.71246909325747076469
-0.71246782236210104422 0.00137289936566984631 -0.70170343967087511761
402_0031_00130749.tif 14192 10640
29779.40852976648966432549 0 7024.52399556803720770404
0 29779.40852976648966432549 5295.35705534524913673522
0 0 1
0.00158321129641639789 -0.01447409497302097441 -0.00364396528966609221
-0.00001265707612844626 -0.00057992610796988805
-508.61037451417837473855 -257.40510748621761649702 -0.94428978500133242679
0.00509266796184307778 0.99998368183378749663 -0.00258859019021383209
0.70427588204472313382 -0.00174896884360397123 0.70992423756208766772
0.70990812553678928065 -0.00543849005943348139 -0.70427329647141645452
402_0031_00130751.tif 14192 10640
29779.40852976648966432549 0 7024.52399556803720770404
0 29779.40852976648966432549 5295.35705534524913673522
0 0 1
0.00158321129641639789 -0.01447409497302097441 -0.00364396528966609221
-0.00001265707612844626 -0.00057992610796988805
-607.25807129544477902527 -255.71782180204994006090 1.39474114979996821617
0.00518184135066770447 0.99998204619327801801 -0.00300928751057974670
0.70414521437658683656 -0.00151203814051472643 0.71005438581225044370
0.71003708747555360770 -0.00579836457688284040 -0.70414040743126404820
403_0029_00131848.tif 14192 10640
29779.40852976648966432549 0 7024.52399556803720770404
0 29779.40852976648966432549 5295.35705534524913673522
0 0 1
0.00158321129641639789 -0.01447409497302097441 -0.00364396528966609221
-0.00001265707612844626 -0.00057992610796988805
255.07257683577608986525 220.89515891611517872661 -3.24191972030518638093
0.99999270175440135855 -0.00339435511060532259 -0.00175350828791233045
-0.00116618780593370254 -0.70825685156939022225 0.70595387399674780493
-0.00363819239925010536 -0.70594667685201117902 -0.70825564099247961813
403_0029_00131849.tif 14192 10640
29779.40852976648966432549 0 7024.52399556803720770404
0 29779.40852976648966432549 5295.35705534524913673522
0 0 1
0.00158321129641639789 -0.01447409497302097441 -0.00364396528966609221
-0.00001265707612844626 -0.00057992610796988805
155.97029578334948496376 220.06594837188507085557 -2.86830567483983589483
0.99999235308393963351 -0.00340238484329212715 -0.00192809518005192639
-0.00104821852657110992 -0.70818091362903168307 0.70603023646970708427
-0.00376762678164339372 -0.70602281645066411464 -0.70817906467185687269
403_0029_00131850.tif 14192 10640
29779.40852976648966432549 0 7024.52399556803720770404
0 29779.40852976648966432549 5295.35705534524913673522
0 0 1
0.00158321129641639789 -0.01447409497302097441 -0.00364396528966609221
-0.00001265707612844626 -0.00057992610796988805
57.48286649808560611064 218.47020854942203982318 -1.45635071673288152283
0.99999215573517696853 -0.00356763044439992573 -0.00172060487207885155
-0.00131052712513938965 -0.70795180903086118995 0.70625952638430677943
-0.00373777831979166210 -0.70625173139819152901 -0.70795093114585905258
403_0029_00131852.tif 14192 10640
29779.40852976648966432549 0 7024.52399556803720770404
0 29779.40852976648966432549 5295.35705534524913673522
0 0 1
0.00158321129641639789 -0.01447409497302097441 -0.00364396528966609221
-0.00001265707612844626 -0.00057992610796988805
-40.65053428582180572448 217.07942664707869084850 0.20973088755384849957
0.99999340589601171114 -0.00319882947386096851 -0.00171920170175774551
-0.00105265811212089974 -0.70840625988566563453 0.70580412499906919344
-0.00347564028535095023 -0.70579766112165598368 -0.70840495585491702890
403_0029_00131853.tif 14192 10640
29779.40852976648966432549 0 7024.52399556803720770404
0 29779.40852976648966432549 5295.35705534524913673522
0 0 1
0.00158321129641639789 -0.01447409497302097441 -0.00364396528966609221
-0.00001265707612844626 -0.00057992610796988805
-139.04841974443087337932 215.88723129057618166371 1.78806298471327140831
0.99999251914850018075 -0.00352915331303397346 -0.00158326369550127605
-0.00138144736209667497 -0.70817879210565248815 0.70603179107952684923
-0.00361292820606044784 -0.70602432216508814733 -0.70817836966480818273
403_0029_00131854.tif 14192 10640
29779.40852976648966432549 0 7024.52399556803720770404
0 29779.40852976648966432549 5295.35705534524913673522
0 0 1
0.00158321129641639789 -0.01447409497302097441 -0.00364396528966609221
-0.00001265707612844626 -0.00057992610796988805
-237.44964806570234827632 214.74636155394935599361 3.32407826619595114792
0.99999341113571715844 -0.00328114643055854843 -0.00155298527157045731
-0.00122711251028299710 -0.70816298755975470858 0.70604792843356589671
-0.00341641332973468409 -0.70604137069193328990 -0.70816234790577259339
403_0032_00130203.tif 14192 10640
29779.40852976648966432549 0 7024.52399556803720770404
0 29779.40852976648966432549 5295.35705534524913673522
0 0 1
0.00158321129641639789 -0.01447409497302097441 -0.00364396528966609221
-0.00001265707612844626 -0.00057992610796988805
-165.16067575592296634568 -508.94847958948025734571 5.98885664871604106452
-0.99995798876866714977 -0.00546019524050470485 0.00736253799022794538
0.00108978312961950305 0.72670485785772165332 0.68694895147945234104
-0.00910126751899847930 0.68692811547783094728 -0.72666837766317005087
403_0032_00130210.tif 14192 10640
29779.40852976648966432549 0 7024.52399556803720770404
0 29779.40852976648966432549 5295.35705534524913673522
0 0 1
0.00158321129641639789 -0.01447409497302097441 -0.00364396528966609221
-0.00001265707612844626 -0.00057992610796988805
233.80406352463441521650 -507.38324202662562356636 2.26041137223481491958
-0.99994392799729248100 -0.00637115919805592446 0.00845867553571478213
0.00115237403166423228 0.72855681410669081988 0.68498440905819157898
-0.01052677041815856807 0.68495574816858184608 -0.72850862050862630337
404_0030_00131328.tif 14192 10640
29779.40852976648966432549 0 7024.52399556803720770404
0 29779.40852976648966432549 5295.35705534524913673522
0 0 1
0.00158321129641639789 -0.01447409497302097441 -0.00364396528966609221
-0.00001265707612844626 -0.00057992610796988805
-570.16661807154389407515 -27.45683027694034805677 -3.88543876129533849451
0.00624871866698028730 -0.99998039245482794879 0.00041014742387107585
-0.70704995216919364065 -0.00470828345494028917 -0.70714793162707401120
0.70713599728239118214 0.00412877376424423438 -0.70706550939403189915
404_0030_00131330.tif 14192 10640
29779.40852976648966432549 0 7024.52399556803720770404
0 29779.40852976648966432549 5295.35705534524913673522
0 0 1
0.00158321129641639789 -0.01447409497302097441 -0.00364396528966609221
-0.00001265707612844626 -0.00057992610796988805
-472.11112925983491095394 -28.57475519797676000167 -4.97918356472555778680
0.00655967401475738860 -0.99997811330271857422 -0.00086231801292149660
-0.70670380146051636761 -0.00402574633609912268 -0.70749807799575847866
0.70747912172591709279 0.00525036017551907316 -0.70671474163197711693
404_0030_00131331.tif 14192 10640
29779.40852976648966432549 0 7024.52399556803720770404
0 29779.40852976648966432549 5295.35705534524913673522
0 0 1
0.00158321129641639789 -0.01447409497302097441 -0.00364396528966609221
-0.00001265707612844626 -0.00057992610796988805
-372.96313653714696556563 -28.40664958903633419141 -6.86051375829536791429
0.00593130944276446491 -0.99998139896625481970 -0.00142172071310604949
-0.70666522943455878369 -0.00318558387017308601 -0.70754088614270804758
0.70752319614023717609 0.00520132453303913216 -0.70667097941446943565
404_0030_00131333.tif 14192 10640
29779.40852976648966432549 0 7024.52399556803720770404
0 29779.40852976648966432549 5295.35705534524913673522
0 0 1
0.00158321129641639789 -0.01447409497302097441 -0.00364396528966609221
-0.00001265707612844626 -0.00057992610796988805
-273.18032493839689323067 -29.82827409007236951766 -9.62840833361944703483
0.00610461924126974587 -0.99998136221595923523 0.00009404591241842376
-0.70687377552296792871 -0.00438179805022629633 -0.70732613787682974138
0.70731336697522129153 0.00425147816195219769 -0.70688735017088433210
405_0028_00132435.tif 14192 10640
29779.40852976648966432549 0 7024.52399556803720770404
0 29779.40852976648966432549 5295.35705534524913673522
0 0 1
0.00158321129641639789 -0.01447409497302097441 -0.00364396528966609221
-0.00001265707612844626 -0.00057992610796988805
-155.20277791049826987546 447.84840546732698385313 11.03593146277929193388
0.99999348619222716561 -0.00277751115483262099 -0.00230499564008915725
-0.00031124246334231003 -0.70259234358175837176 0.71159251111041177396
-0.00359592842602050097 -0.71158715852106080302 -0.70258863150970340961
405_0028_00132437.tif 14192 10640
29779.40852976648966432549 0 7024.52399556803720770404
0 29779.40852976648966432549 5295.35705534524913673522
0 0 1
0.00158321129641639789 -0.01447409497302097441 -0.00364396528966609221
-0.00001265707612844626 -0.00057992610796988805
-55.45423447631502966715 445.81512441639631560975 10.85612008053515786798
0.99999392309014045743 -0.00261411009534996078 -0.00230655830179283053
-0.00019669654616597736 -0.70287264015561612407 0.71131569154008000844
-0.00348067425348974353 -0.71131091524668943471 -0.70286888304836625530
405_0028_00132439.tif 14192 10640
29779.40852976648966432549 0 7024.52399556803720770404
0 29779.40852976648966432549 5295.35705534524913673522
0 0 1
0.00158321129641639789 -0.01447409497302097441 -0.00364396528966609221
-0.00001265707612844626 -0.00057992610796988805
44.21858897949720557108 445.13708299128438738990 10.31504291494884384406
0.99999377207045769822 -0.00271049197380037301 -0.00226032156061557049
-0.00029824521899270411 -0.70305765659714913873 0.71113278826806636257
-0.00351665609446926829 -0.71112768525306702116 -0.70305408639487199096
405_0028_00132441.tif 14192 10640
29779.40852976648966432549 0 7024.52399556803720770404
0 29779.40852976648966432549 5295.35705534524913673522
0 0 1
0.00158321129641639789 -0.01447409497302097441 -0.00364396528966609221
-0.00001265707612844626 -0.00057992610796988805
143.58552527535212561816 446.61837212493043125505 9.78153654819367979201
0.99999384737255470057 -0.00274646570686437781 -0.00218223352481711859
-0.00038067730568553835 -0.70338568368345633086 0.71080829699289915791
-0.00348716243165611561 -0.71080309292748422578 -0.70338240153055964221
405_0028_00132442.tif 14192 10640
29779.40852976648966432549 0 7024.52399556803720770404
0 29779.40852976648966432549 5295.35705534524913673522
0 0 1
0.00158321129641639789 -0.01447409497302097441 -0.00364396528966609221
-0.00001265707612844626 -0.00057992610796988805
241.95496741838763909982 449.20323255116511518281 9.09850395645466925032
0.99999409731742727736 -0.00263378112611586642 -0.00220647394806037156
-0.00028559997007035704 -0.70367924944519189001 0.71051772133628621209
-0.00342399809591785453 -0.71051289720682131446 -0.70367584805776028922
402_0029_00131850.tif 14192 10640
29791.89917164692451478913 0 7109.90229798314157960704
0 29791.89917164692451478913 5331.34582535229765198892
0 0 1
0.00173979549523978053 -0.01897981750257205641 0.05584357810852895454
0.00020565339471035243 0.00014073925251060316
100.61355650806112294049 0.83241778571147773125 -2.74068974722243785536
0.00297997874723015740 0.99999283760221124862 -0.00233333901170875444
0.70215145272742551796 -0.00043099796516613800 0.71202749362192463423
0.71202138813341264711 -0.00376018417521376902 -0.70214770800418946362
402_0029_00131852.tif 14192 10640
29791.89917164692451478913 0 7109.90229798314157960704
0 29791.89917164692451478913 5331.34582535229765198892
0 0 1
0.00173979549523978053 -0.01897981750257205641 0.05584357810852895454
0.00020565339471035243 0.00014073925251060316
1.73874991430642888979 -0.51959172230469774512 -1.28352400744825145829
0.00261109380857687352 0.99999508142086979134 -0.00173761997881894509
0.70213037121844423805 -0.00059606208285965822 0.71204816306387797020
0.71204362506925966692 -0.00307926031074935887 -0.70212847410866774389
402_0029_00131853.tif 14192 10640
29791.89917164692451478913 0 7109.90229798314157960704
0 29791.89917164692451478913 5331.34582535229765198892
0 0 1
0.00173979549523978053 -0.01897981750257205641 0.05584357810852895454
0.00020565339471035243 0.00014073925251060316
-97.32969172243809907741 -1.70353986278808755550 0.11119006663934753731
0.00296665690314113634 0.99999349646487156740 -0.00205084733225722494
0.70205865459164584763 -0.00062232415514035201 0.71211885119382567488
0.71211294361202781555 -0.00355242742460847201 -0.70205593495077422972
402_0029_00131854.tif 14192 10640
29791.89917164692451478913 0 7109.90229798314157960704
0 29791.89917164692451478913 5331.34582535229765198892
0 0 1
0.00173979549523978053 -0.01897981750257205641 0.05584357810852895454
0.00020565339471035243 0.00014073925251060316
-196.39287246550617282992 -2.81951633374552113054 1.47984437778115163198
0.00279369911296665878 0.99999394266019503430 -0.00207602701930035367
0.70206835122352773126 -0.00048301230168756090 0.71210939953731400287
0.71210408330211361072 -0.00344693226435830802 -0.70206544794799674580
402_0029_00131856.tif 14192 10640
29791.89917164692451478913 0 7109.90229798314157960704
0 29791.89917164692451478913 5331.34582535229765198892
0 0 1
0.00173979549523978053 -0.01897981750257205641 0.05584357810852895454
0.00020565339471035243 0.00014073925251060316
-296.00015931091070342518 -3.48094328764216420780 2.78121524475312886793
0.00304980330326053367 0.99999373169062089062 -0.00179868821030111452
0.70211042086833941323 -0.00086051654158974828 0.71206756450449615325
0.71206155324374487137 -0.00343454374671593125 -0.70210864422919427863
402_0029_00131857.tif 14192 10640
29791.89917164692451478913 0 7109.90229798314157960704
0 29791.89917164692451478913 5331.34582535229765198892
0 0 1
0.00173979549523978053 -0.01897981750257205641 0.05584357810852895454
0.00020565339471035243 0.00014073925251060316
-396.80670659641674546947 -3.61290571498697410391 4.62833424559065864656
0.00266352547304218000 0.99999390616547179089 -0.00225682608459871125
0.70200412601215889108 -0.00026255725494560571 0.71217282883131172166
0.71216789642187561249 -0.00348119169388086749 -0.70200054744311346511
402_0029_00131859.tif 14192 10640
29791.89917164692451478913 0 7109.90229798314157960704
0 29791.89917164692451478913 5331.34582535229765198892
0 0 1
0.00173979549523978053 -0.01897981750257205641 0.05584357810852895454
0.00020565339471035243 0.00014073925251060316
-494.97631368077844626896 -3.92727644704636436046 6.23872735907116826581
0.00306473916578292637 0.99999085279943478177 -0.00298357022790496449
0.70206603237004083784 -0.00002701380190596198 0.71211184898332025028
0.71210525455583761900 -0.00427710038619989567 -0.70205969322148953360
402_0029_00131900.tif 14192 10640
29791.89917164692451478913 0 7109.90229798314157960704
0 29791.89917164692451478913 5331.34582535229765198892
0 0 1
0.00173979549523978053 -0.01897981750257205641 0.05584357810852895454
0.00020565339471035243 0.00014073925251060316
-594.78246569673797239375 -4.50156967100898786072 6.71221194300198042981
0.00294721224381837938 0.99999320063722052510 -0.00221644294251564528
0.70215923253670231574 -0.00049126440543789348 0.71201978260632148299
0.71201385246598913881 -0.00365476929661642715 -0.70215590616182199657
402_0029_00131901.tif 14192 10640
29791.89917164692451478913 0 7109.90229798314157960704
0 29791.89917164692451478913 5331.34582535229765198892
0 0 1
0.00173979549523978053 -0.01897981750257205641 0.05584357810852895454
0.00020565339471035243 0.00014073925251060316
-695.01260922213486992405 -4.79727513381211423393 5.40175674652956239186
0.00278685553470471407 0.99999402054632979819 -0.00204751259224067146
0.70200536934561519331 -0.00049821046020561452 0.71217147738186192818
0.71216619889331678195 -0.00342208385695618551 -0.70200256017761131222
402_0029_00131903.tif 14192 10640
29791.89917164692451478913 0 7109.90229798314157960704
0 29791.89917164692451478913 5331.34582535229765198892
0 0 1
0.00173979549523978053 -0.01897981750257205641 0.05584357810852895454
0.00020565339471035243 0.00014073925251060316
-794.43247972849871985090 -5.06613941614605778341 3.91302947777997811585
0.00300125038448449460 0.99999328795936803793 -0.00210155474402274169
0.70218984228736702757 -0.00061116671936310013 0.71198950263587712506
0.71198343933308749776 -0.00361254916279844752 -0.70218696342496567109
402_0029_00131904.tif 14192 10640
29791.89917164692451478913 0 7109.90229798314157960704
0 29791.89917164692451478913 5331.34582535229765198892
0 0 1
0.00173979549523978053 -0.01897981750257205641 0.05584357810852895454
0.00020565339471035243 0.00014073925251060316
-891.91321229833272354881 -5.49050408466326000934 2.96759056639782814457
0.00289597174300377678 0.99999297515309559792 -0.00237970420934719134
0.70206168141076863431 -0.00033852758715879005 0.71211605858438342675
0.71211025048256970660 -0.00373296712187416984 -0.70205772990126591449
402_0029_00131906.tif 14192 10640
29791.89917164692451478913 0 7109.90229798314157960704
0 29791.89917164692451478913 5331.34582535229765198892
0 0 1
0.00173979549523978053 -0.01897981750257205641 0.05584357810852895454
0.00020565339471035243 0.00014073925251060316
-992.22902724761968329403 -5.97964936253407941535 2.32552448384171439599
0.00296649177437738852 0.99999294732442001177 -0.00230330804978188001
0.70195634985387134197 -0.00044188918441599007 0.71221983097480390246
0.71221379011247887281 -0.00372961598134913730 -0.70195271004409531823
402_0029_00131907.tif 14192 10640
29791.89917164692451478913 0 7109.90229798314157960704
0 29791.89917164692451478913 5331.34582535229765198892
0 0 1
0.00173979549523978053 -0.01897981750257205641 0.05584357810852895454
0.00020565339471035243 0.00014073925251060316
-1091.83800364339344923792 -6.01725909294765415325 2.54184304050548970366
0.00307394362730113073 0.99999446253946688845 -0.00127505332385818176
0.70220636842921380083 -0.00125074698385053019 0.71197236727940327317
0.71196682999141991388 -0.00308391348531307421 -0.70220632471488297899
403_0027_00133013.tif 14192 10640
29791.89917164692451478913 0 7109.90229798314157960704
0 29791.89917164692451478913 5331.34582535229765198892
0 0 1
0.00173979549523978053 -0.01897981750257205641 0.05584357810852895454
0.00020565339471035243 0.00014073925251060316
349.59976547935656299160 464.44125655031876931389 0.28953731235354268625
0.99999541502932998149 -0.00287070245920713557 0.00096384008473366051
-0.00271331966582111532 -0.70809402849535763025 0.70611294047454387091
-0.00134455074627389025 -0.70611231817367869912 -0.70809857103844264792
403_0027_00133014.tif 14192 10640
29791.89917164692451478913 0 7109.90229798314157960704
0 29791.89917164692451478913 5331.34582535229765198892
0 0 1
0.00173979549523978053 -0.01897981750257205641 0.05584357810852895454
0.00020565339471035243 0.00014073925251060316
249.67114909881772177869 463.78859652027500715121 -0.23172632614824986708
0.99999536792156051845 -0.00287064264859825157 0.00101170460447996824
-0.00274741073494415896 -0.70827481540981473973 0.70593146805511253206
-0.00130991208719927134 -0.70593097769327062263 -0.70827942145974198684
403_0027_00133016.tif 14192 10640
29791.89917164692451478913 0 7109.90229798314157960704
0 29791.89917164692451478913 5331.34582535229765198892
0 0 1
0.00173979549523978053 -0.01897981750257205641 0.05584357810852895454
0.00020565339471035243 0.00014073925251060316
150.19377786671782359917 463.86500801801969373628 -0.90801282164763574833
0.99999564340277713459 -0.00271728654954468988 0.00115305215546699161
-0.00273899038651569029 -0.70854211947464729171 0.70566320781378233384
-0.00110050312500155735 -0.70566329172218000831 -0.70854647526375391653
403_0027_00133017.tif 14192 10640
29791.89917164692451478913 0 7109.90229798314157960704
0 29791.89917164692451478913 5331.34582535229765198892
0 0 1
0.00173979549523978053 -0.01897981750257205641 0.05584357810852895454
0.00020565339471035243 0.00014073925251060316
50.65368622174793955537 464.47533522803723826655 -1.21849231542992075816
0.99999464339289578785 -0.00298168467059565156 0.00135008964160971681
-0.00306486970137420179 -0.70823310310612164198 0.70597200952898064852
-0.00114880774233348804 -0.70597236576313582290 -0.70823844785465595031
403_0027_00133018.tif 14192 10640
29791.89917164692451478913 0 7109.90229798314157960704
0 29791.89917164692451478913 5331.34582535229765198892
0 0 1
0.00173979549523978053 -0.01897981750257205641 0.05584357810852895454
0.00020565339471035243 0.00014073925251060316
-49.29371454838582877755 465.63165104716074438329 -1.51478681624376254611
0.99999409740896194609 -0.00308717865878875520 0.00150813632154518174
-0.00325069764201215208 -0.70793818916028383725 0.70626691363343530039
-0.00111270484669619466 -0.70626764732386460022 -0.70794404597505955490
403_0027_00133020.tif 14192 10640
29791.89917164692451478913 0 7109.90229798314157960704
0 29791.89917164692451478913 5331.34582535229765198892
0 0 1
0.00173979549523978053 -0.01897981750257205641 0.05584357810852895454
0.00020565339471035243 0.00014073925251060316
-148.58870017872760627142 467.04749874286460453732 -2.47785357220306856618
0.99999351141254710917 -0.00318117836709944568 0.00169033635721663861
-0.00344629346683543837 -0.70818470125178567542 0.70601880426392282786
-0.00104890139873931249 -0.70602004859431277684 -0.70819106940764220415
403_0027_00133021.tif 14192 10640
29791.89917164692451478913 0 7109.90229798314157960704
0 29791.89917164692451478913 5331.34582535229765198892
0 0 1
0.00173979549523978053 -0.01897981750257205641 0.05584357810852895454
0.00020565339471035243 0.00014073925251060316
-248.27566654537750423515 468.86182934479148798346 -2.57964375547661761701
0.99999389744013522652 -0.00288084743520823552 0.00197630982975872905
-0.00343538368918492720 -0.70804968082316666056 0.70615426616647991587
-0.00063499716237870249 -0.70615674620035073783 -0.70805525672389224567
403_0027_00133023.tif 14192 10640
29791.89917164692451478913 0 7109.90229798314157960704
0 29791.89917164692451478913 5331.34582535229765198892
0 0 1
0.00173979549523978053 -0.01897981750257205641 0.05584357810852895454
0.00020565339471035243 0.00014073925251060316
-347.21669261894942337676 470.24733199720759557749 -2.87488780971213309101
0.99999396135399076790 -0.00293584434233215563 0.00185958961893710126
-0.00339218576472989164 -0.70831505515133086348 0.70588828841517459178
-0.00075520281436594443 -0.70589033387911237494 -0.70832073681683527244
403_0027_00133024.tif 14192 10640
29791.89917164692451478913 0 7109.90229798314157960704
0 29791.89917164692451478913 5331.34582535229765198892
0 0 1
0.00173979549523978053 -0.01897981750257205641 0.05584357810852895454
0.00020565339471035243 0.00014073925251060316
-447.79950024232914529421 471.32187311367289339614 -4.08290425612474994210
0.99999446969893857062 -0.00255382099847067078 0.00213039194665472871
-0.00331293825770662305 -0.70877452403165219774 0.70542731625859611544
-0.00029156755516494305 -0.70543047289014426671 -0.70877906494643883040
403_0027_00133025.tif 14192 10640
29791.89917164692451478913 0 7109.90229798314157960704
0 29791.89917164692451478913 5331.34582535229765198892
0 0 1
0.00173979549523978053 -0.01897981750257205641 0.05584357810852895454
0.00020565339471035243 0.00014073925251060316
-547.08842904076493596222 471.83528681354454192842 -5.00686340990732237088
0.99999283538975425323 -0.00294521393393638517 0.00237800000905554832
-0.00376481654844931356 -0.70840873589680164457 0.70579238382222009296
-0.00039411358292175663 -0.70579627982866199876 -0.70841474861447151223
403_0032_00130205.tif 14192 10640
29791.89917164692451478913 0 7109.90229798314157960704
0 29791.89917164692451478913 5331.34582535229765198892
0 0 1
0.00173979549523978053 -0.01897981750257205641 0.05584357810852895454
0.00020565339471035243 0.00014073925251060316
-21.57557993207546687131 -717.25050481977893923613 1.91892217625384220447
-0.99999895577876529718 -0.00042340867417650207 0.00138172590397343245
0.00067470758756173308 0.70872447637627389305 0.70548505395567928655
-0.00127797145913581696 0.70548524953415647776 -0.70872345063408104249
403_0032_00130207.tif 14192 10640
29791.89917164692451478913 0 7109.90229798314157960704
0 29791.89917164692451478913 5331.34582535229765198892
0 0 1
0.00173979549523978053 -0.01897981750257205641 0.05584357810852895454
0.00020565339471035243 0.00014073925251060316
78.43616920139309911519 -717.97137629944222680933 1.35280979801261080908
-0.99999868253234580617 -0.00037174080395617444 0.00158010833407294963
0.00085202598060110050 0.70834446647679527587 0.70586641148551088065
-0.00138166034216572506 0.70586682782269838388 -0.70834321652304965689
403_0032_00130209.tif 14192 10640
29791.89917164692451478913 0 7109.90229798314157960704
0 29791.89917164692451478913 5331.34582535229765198892
0 0 1
0.00173979549523978053 -0.01897981750257205641 0.05584357810852895454
0.00020565339471035243 0.00014073925251060316
179.19420023740545389046 -717.30145261750067220419 1.43523307045462145126
-0.99999873667824967782 -0.00043424778172680229 0.00152907513514420352
0.00077247724777683717 0.70796315593139291789 0.70624894557270956330
-0.00138921589629475354 0.70624923452880739028 -0.70796192609960828523
404_0029_00131838.tif 14192 10640
29791.89917164692451478913 0 7109.90229798314157960704
0 29791.89917164692451478913 5331.34582535229765198892
0 0 1
0.00173979549523978053 -0.01897981750257205641 0.05584357810852895454
0.00020565339471035243 0.00014073925251060316
994.58814073490623286489 -4.73941727274417967664 0.55502750842601300540
-0.00146618644130203221 0.99999551552206222826 -0.00261136613370078563
0.70625200969957502295 -0.00081324943408537013 -0.70796005354869373516
-0.70795900240948328452 -0.00288228401148414451 -0.70624765015272539248
404_0029_00131839.tif 14192 10640
29791.89917164692451478913 0 7109.90229798314157960704
0 29791.89917164692451478913 5331.34582535229765198892
0 0 1
0.00173979549523978053 -0.01897981750257205641 0.05584357810852895454
0.00020565339471035243 0.00014073925251060316
895.77279016357931595849 -3.53303620777439997269 -0.94842596227747755222
-0.00149240711832715825 0.99999655925988839567 -0.00215735703527810243
0.70617357582120154902 -0.00047359520923031997 -0.70803859818478498411
-0.70803718372193613639 -0.00258015037590671962 -0.70617043926459210912
404_0029_00131841.tif 14192 10640
29791.89917164692451478913 0 7109.90229798314157960704
0 29791.89917164692451478913 5331.34582535229765198892
0 0 1
0.00173979549523978053 -0.01897981750257205641 0.05584357810852895454
0.00020565339471035243 0.00014073925251060316
797.01873321031166597095 -1.86543796854918886297 -2.46701155555337336978
-0.00139103120250574962 0.99999569299063850725 -0.00258438239551523306
0.70621489592530239943 -0.00084737176918988927 -0.70799703582310213879
-0.70799617640592371615 -0.00280997531259149017 -0.70621067553056338095
404_0029_00131842.tif 14192 10640
29791.89917164692451478913 0 7109.90229798314157960704
0 29791.89917164692451478913 5331.34582535229765198892
0 0 1
0.00173979549523978053 -0.01897981750257205641 0.05584357810852895454
0.00020565339471035243 0.00014073925251060316
695.74947161579677867849 -0.34340798922207182997 -3.68744283936373973276
-0.00146235734906241467 0.99999570985788299726 -0.00253806556500092619
0.70629162593682681681 -0.00076390138866757750 -0.70792058564939464027
-0.70791948740128429751 -0.00282784732561573628 -0.70628747874856590006
404_0029_00131844.tif 14192 10640
29791.89917164692451478913 0 7109.90229798314157960704
0 29791.89917164692451478913 5331.34582535229765198892
0 0 1
0.00173979549523978053 -0.01897981750257205641 0.05584357810852895454
0.00020565339471035243 0.00014073925251060316
596.97861837971402110270 1.24049119266600849087 -4.11786724902118628222
-0.00146851724508989556 0.99999708089884886686 -0.00191876285196455930
0.70622206974654644362 -0.00032136716415346982 -0.70799031414705804188
-0.70798886407909344953 -0.00239476865834876464 -0.70621953627966704836
404_0029_00131845.tif 14192 10640
29791.89917164692451478913 0 7109.90229798314157960704
0 29791.89917164692451478913 5331.34582535229765198892
0 0 1
0.00173979549523978053 -0.01897981750257205641 0.05584357810852895454
0.00020565339471035243 0.00014073925251060316
499.04067627542536911278 2.60732776911362718053 -4.16117355607102368253
-0.00149279981369105437 0.99999724277438362119 -0.00181273063264567546
0.70620141695686777794 -0.00022921642671341891 -0.70801095058476448685
-0.70800941394647309846 -0.00233707155645965833 -0.70619912762599157396
404_0029_00131846.tif 14192 10640
29791.89917164692451478913 0 7109.90229798314157960704
0 29791.89917164692451478913 5331.34582535229765198892
0 0 1
0.00173979549523978053 -0.01897981750257205641 0.05584357810852895454
0.00020565339471035243 0.00014073925251060316
398.42796799205274282940 3.46571209260932366902 -4.36781061244915669306
-0.00140024455445999911 0.99999610946329775540 -0.00241254501639574055
0.70605135336375524080 -0.00071982676843005333 -0.70816027018086302736
-0.70815925167182358635 -0.00269497823588287118 -0.70604759851153864325
404_0029_00131848.tif 14192 10640
29791.89917164692451478913 0 7109.90229798314157960704
0 29791.89917164692451478913 5331.34582535229765198892
0 0 1
0.00173979549523978053 -0.01897981750257205641 0.05584357810852895454
0.00020565339471035243 0.00014073925251060316
299.88528450540218273090 3.31196677546405915393 -4.49322526092627594352
-0.00137398670558775684 0.99999653721347026014 -0.00224448693503571115
0.70622318316455923171 -0.00061873295199012246 -0.70798900608021564373
-0.70798794320344904385 -0.00255787618988869130 -0.70621988753358333479
404_0029_00131849.tif 14192 10640
29791.89917164692451478913 0 7109.90229798314157960704
0 29791.89917164692451478913 5331.34582535229765198892
0 0 1
0.00173979549523978053 -0.01897981750257205641 0.05584357810852895454
0.00020565339471035243 0.00014073925251060316
200.00852038905014751435 2.43911253870787669840 -4.24471480034586434726
-0.00139626118795141982 0.99999663823520001937 -0.00218494233185866386
0.70609789348303064749 -0.00056129307745837850 -0.70811400901896282001
-0.70811285489921849123 -0.00253149528534516279 -0.70609473603624783866
404_0029_00131850.tif 14192 10640
29791.89917164692451478913 0 7109.90229798314157960704
0 29791.89917164692451478913 5331.34582535229765198892
0 0 1
0.00173979549523978053 -0.01897981750257205641 0.05584357810852895454
0.00020565339471035243 0.00014073925251060316
100.79736558760494347098 0.80053027993935188533 -2.99604661377898784380
-0.00123389590388940629 0.99999636667031932546 -0.00239669502826227046
0.70622040199712898811 -0.00082544041244796260 -0.70799156947744734669
-0.70799097543959699230 -0.00256618282389035543 -0.70621681755803744629
404_0029_00131852.tif 14192 10640
29791.89917164692451478913 0 7109.90229798314157960704
0 29791.89917164692451478913 5331.34582535229765198892
0 0 1
0.00173979549523978053 -0.01897981750257205641 0.05584357810852895454
0.00020565339471035243 0.00014073925251060316
1.93146070764855459778 -0.59717403866007945368 -1.52204966885133896604
-0.00161513049438418983 0.99999720805882241770 -0.00172488493708084227
0.70621607230433147695 -0.00008058137631664899 -0.70799636490993722582
-0.70799452721933475718 -0.00236164798432133248 -0.70621397044116085429
404_0029_00131853.tif 14192 10640
29791.89917164692451478913 0 7109.90229798314157960704
0 29791.89917164692451478913 5331.34582535229765198892
0 0 1
0.00173979549523978053 -0.01897981750257205641 0.05584357810852895454
0.00020565339471035243 0.00014073925251060316
-97.12287938374510076756 -1.83184693764030814833 -0.12725428581499312330
-0.00122361507054671685 0.99999734732219502931 -0.00195143914389664494
0.70627531066072890553 -0.00051728839947294027 -0.70793708616218331553
-0.70793621769001902067 -0.00224449577521808677 -0.70627280417800675227
405_0028_00132439.tif 14192 10640
29791.89917164692451478913 0 7109.90229798314157960704
0 29791.89917164692451478913 5331.34582535229765198892
0 0 1
0.00173979549523978053 -0.01897981750257205641 0.05584357810852895454
0.00020565339471035243 0.00014073925251060316
87.54482082485620253465 229.24103446673726125482 9.37042117951605391113
0.99999809493462243903 -0.00169076579530687472 0.00097541691158474736
-0.00188197523939784847 -0.70253125677329320009 0.71165039972288035575
-0.00051797328529435424 -0.71165087969281859426 -0.70253310038468164134
405_0028_00132441.tif 14192 10640
29791.89917164692451478913 0 7109.90229798314157960704
0 29791.89917164692451478913 5331.34582535229765198892
0 0 1
0.00173979549523978053 -0.01897981750257205641 0.05584357810852895454
0.00020565339471035243 0.00014073925251060316
187.71796574324883977170 230.72593445621927799039 8.99915061148800177193
0.99999797204740326073 -0.00183569660788292905 0.00082832303166335732
-0.00187941366790179520 -0.70282525708658127872 0.71136005356320497484
-0.00072367488962985860 -0.71136016772036425593 -0.70282728182357101510
405_0031_00130737.tif 14192 10640
29791.89917164692451478913 0 7109.90229798314157960704
0 29791.89917164692451478913 5331.34582535229765198892
0 0 1
0.00173979549523978053 -0.01897981750257205641 0.05584357810852895454
0.00020565339471035243 0.00014073925251060316
425.29617783350158788380 -486.77225434756195454611 -1.02951630933209492547
-0.99998643548055210495 0.00508291011740560471 0.00113704865247744110
0.00438011314051654950 0.70252667719701122895 0.71164392952894828248
0.00281841511775665632 0.71163925682277029416 -0.70253941148163301378
405_0031_00130738.tif 14192 10640
29791.89917164692451478913 0 7109.90229798314157960704
0 29791.89917164692451478913 5331.34582535229765198892
0 0 1
0.00173979549523978053 -0.01897981750257205641 0.05584357810852895454
0.00020565339471035243 0.00014073925251060316
325.75276379629883649613 -486.47240026397821566206 -1.62043011279593862639
-0.99998848991774735850 0.00464727539806631014 0.00119283837877874610
0.00411164504904445310 0.70191720257062550914 0.71224668136146351838
0.00247273270169424617 0.71224338787159124919 -0.70192823139277138456
405_0031_00130739.tif 14192 10640
29791.89917164692451478913 0 7109.90229798314157960704
0 29791.89917164692451478913 5331.34582535229765198892
0 0 1
0.00173979549523978053 -0.01897981750257205641 0.05584357810852895454
0.00020565339471035243 0.00014073925251060316
225.53846895871333799732 -485.35380606218643606553 -1.79306577989657589534
-0.99998687044300882398 0.00503933308326347772 0.00092955025302718169
0.00420213711759635702 0.70260097528342302375 0.71157164893946400763
0.00293274363726113560 0.71156621241656681232 -0.70261292641247319324
405_0031_00130741.tif 14192 10640
29791.89917164692451478913 0 7109.90229798314157960704
0 29791.89917164692451478913 5331.34582535229765198892
0 0 1
0.00173979549523978053 -0.01897981750257205641 0.05584357810852895454
0.00020565339471035243 0.00014073925251060316
127.04846315198321349271 -484.14559726604886691348 -1.37653013775814558883
-0.99998668244168520403 0.00507918859879817348 0.00091475813749898561
0.00421959334665095772 0.70259580930186937842 0.71157664645731599773
0.00297152675592546756 0.71157102990118215047 -0.70260788455162503929
405_0031_00130742.tif 14192 10640
29791.89917164692451478913 0 7109.90229798314157960704
0 29791.89917164692451478913 5331.34582535229765198892
0 0 1
0.00173979549523978053 -0.01897981750257205641 0.05584357810852895454
0.00020565339471035243 0.00014073925251060316
27.42768176728789697449 -482.46208548550345085459 -0.68979076843387654439
-0.99998659046059168443 0.00512243503913609177 0.00076128724583692355
0.00413927478596435965 0.70225340348891962527 0.71191503965885905014
0.00311212198461481484 0.71190864438318102181 -0.70226518976043128539
405_0031_00130744.tif 14192 10640
29791.89917164692451478913 0 7109.90229798314157960704
0 29791.89917164692451478913 5331.34582535229765198892
0 0 1
0.00173979549523978053 -0.01897981750257205641 0.05584357810852895454
0.00020565339471035243 0.00014073925251060316
-72.44748213380283630158 -480.25807905634957251095 -0.18607694642530403506
-0.99998692420622692367 0.00506536482701262347 0.00070249251891016439
0.00405759201509433599 0.70231148424089329119 0.71185821274351568366
0.00311245298902715220 0.71185175506036557636 -0.70232285414463646589
405_0031_00130745.tif 14192 10640
29791.89917164692451478913 0 7109.90229798314157960704
0 29791.89917164692451478913 5331.34582535229765198892
0 0 1
0.00173979549523978053 -0.01897981750257205641 0.05584357810852895454
0.00020565339471035243 0.00014073925251060316
-170.16823896193997711634 -477.83415446604163889788 0.22947618842874509260
-0.99998695614351673644 0.00507681978865004262 0.00055986039157784743
0.00396438772962117141 0.70237462294848640454 0.71179644047150225639
0.00322043052303810180 0.71178937540455400335 -0.70238558775678272550